$ 1 0.000005 10.20027730826997 50 5 50 5e-11
a 128 144 256 144 9 15 -15 1000000 -6.940135323879401 -6.94020472523264 100000
a 304 160 432 160 9 15 -15 1000000 -6.9400659232201685 -6.940135323879401 100000
d 256 144 272 144 2 default
w 272 144 304 144 0
w 304 176 304 208 0
w 304 208 432 208 0
w 432 208 432 160 0
w 128 160 128 192 0
w 272 144 272 192 0
c 272 256 272 352 0 0.00001 7.671666070492362 0.001
g 368 416 368 448 0 0
g 32 288 32 320 0 0
w 128 64 128 128 0
v 32 288 32 176 0 1 40 5 0 0 0.5
v 32 176 32 64 0 1 110 3 0 0 0.5
w 128 192 224 192 0
w 224 192 272 192 0
r 224 288 224 352 0 10
w 32 64 80 64 0
w 80 64 128 64 0
p 80 64 80 288 0 0 0
w 32 288 80 288 0
O 496 160 496 304 0 0
s 128 432 128 400 0 1 false
t 160 368 224 368 0 1 -7.671666062565263 7.771666062186976e-9 100 default
v 128 480 128 432 0 0 40 5 0 0 0.5
g 128 480 128 496 0 0
r 160 368 160 432 0 1000
g 160 432 160 480 0 0
w 160 336 128 336 0
w 272 352 368 416 0
g 224 384 224 480 0 0
w 224 288 272 256 0
r 128 336 128 400 0 1000
w 160 336 160 368 0
s 272 192 272 256 0 1 false
s 432 160 496 160 0 1 false
r 528 160 528 256 0 1000
g 528 256 528 288 0 0
w 496 160 528 160 0
o 20 32 0 4098 10 0.00009765625 0 1 input
o 22 64 0 4098 0.0000762939453125 0.00009765625 1 1 peak
o 9 64 0 4099 10 0.00009765625 2 2 9 3
